7
9
6
12 
10
3
4
10
3
4
10
11
2
3
11
2
8
1 
9
6
3 
11
12 
3
6
7
5
15
3
12 
11
8
2
10
4
13 
12
11 
8
2
10
4
13
8
4
13
8
4
11 
6
2 
10
13
8
4
12 
14
3
15
2
6
15
3
14
12 
4
8
11
15 
12
4 
8
11
15
12 
3
14
4
8 
12
3 
6
7
5
2
14
6
7
14
2
5
9
1 
13
10
1 
9
5
2
6
7
3 
1
14 
6
7
3
1 
14
10
15
11
12
14
11
15
10
6 
7
2
5
7
6 
11
14
12
15
14
11
10
14
11
1 
6
7
5
2
7
6
3
7
2
5
6
3
7
2
3
6
5
3
2
4
8
7
1 
11
15
12
7 
8
4
1
8
7 
12
15
11
8 
7
12 
8
11
15
8
12 
7
1
2
3
5
6
1
2
3
1
6
5
1
6
2
7
4
3
6
2
7
6
3
4
12 
11
6 
7
10 
6
11
12 
7
10
6 
11
10 
7
12 
8
15
10
8
12 
7
8 
10 
15
12
10
8 
7
10 
8
11
6 
7
10
8 
11
10 
7
6 
10
11
12