7 9 2 1 9 2 5 7 2 5 1 11 8 9 5 1 6 12 10 3 4 8 11 10 12 13 3 4 8 12 13 15 14 3 4 8 12 13 15 14 7 2 1 5 10 11 13 15 14 7 3 4 8 12 15 14 11 10 9 13 14 15
62
IDA*: time cost 42842.5228061676s

7 9 2 1 9 2 5 7 2 5 1 11 8 9 5 1 6 12 10 3 4 8 11 10 12 13 3 4 8 12 13 15 14 3 4 8 12 13 15 14 7 2 1 5 10 11 13 15 14 7 3 4 8 12 15 14 11 10 9 13 14 15
Finding 4118629 nodes
62
A*: time cost8537.527533054352s
6 11 4 14 5 8 9 5 8 3 2 6 14 8 15 7 10 4 8 15 3 2 6 14 15 10 7 3 2 6 14 15 10 7 3 2 6 10 11 12
Finding 3670 nodes
40
A*: time cost0.375652551651001s
6 11 4 14 5 8 9 5 8 3 2 6 14 8 15 7 10 4 8 15 3 2 6 14 15 10 7 3 2 6 14 15 10 7 3 2 6 10 11 12
40
IDA*: time cost 0.7300398349761963s

