13 10 8 6 4 11 3 1 6 4 9 12 5 13 10 8 12 15 14 5 13 12 15 14 5 13 14 9 11 3 1 6 4 2 8 10 12 15 10 8 7 4 2 11 3 5 9 10 11 3 6 2 3 7 8 12
56
IDA*: time cost 20955.212922096252s

13 10 8 6 4 11 3 1 6 4 9 12 5 13 10 8 12 15 14 5 13 12 15 14 5 13 14 9 11 3 1 6 4 2 8 10 12 15 10 8 7 4 2 11 3 5 9 10 11 3 6 2 3 7 8 12
56
IDA*: time cost 20110.355590343475s

5 12 9 10 13 5 12 13 8 2 5 8 10 6 3 1 2 3 4 11 1 2 3 4 2 3 4 5 7 4 3 2 5 10 6 15 11 5 10 6 15 11 14 9 13 15 11 14 9 13 14 10 6 7 8 12
Finding 28838241 nodes
56
A*: time cost5007.7800552845s
