15 14 4 15 14 9 3 5 11 13 5 14 12 2 15 12 2 11 14 2 9 8 10 4 8 10 7 3 2 9 10 7 3 2 6 5 9 10 11 15
40
A*: time cost0.6531217098236084s
15 14 4 15 14 8 10 4 8 9 3 5 11 13 5 14 12 2 15 12 2 11 14 2 9 10 7 3 2 9 10 7 3 2 6 5 9 10 11 15
40
IDA*: time cost 1.0034189224243164s

15 14 4 15 14 9 3 5 11 13 5 14 12 2 15 12 2 11 14 2 9 8 10 4 8 10 7 3 2 9 10 7 3 2 6 5 9 10 11 15
40
A*: time cost0.6842701435089111s
15 14 4 15 14 8 10 4 8 9 3 5 11 13 5 14 12 2 15 12 2 11 14 2 9 10 7 3 2 9 10 7 3 2 6 5 9 10 11 15
40
IDA*: time cost 0.9991085529327393s

15 14 4 15 14 9 3 5 11 13 5 14 12 2 15 12 2 11 14 2 9 8 10 4 8 10 7 3 2 9 10 7 3 2 6 5 9 10 11 15
40
A*: time cost0.6983392238616943s
15 14 4 2 12 15 14 8 10 4 8 9 3 5 11 13 5 14 2 12 15 11 14 2 9 10 7 3 2 9 10 7 3 2 6 5 9 10 11 15
40
IDA*: time cost 1.2352001667022705s

15 14 4 2 12 15 14 9 3 5 11 13 5 14 2 12 15 11 14 2 9 8 10 4 8 10 7 3 2 9 10 7 3 2 6 5 9 10 11 15
40
A*: time cost0.6927313804626465s
15 14 4 2 12 15 14 8 10 4 8 9 3 5 11 13 5 14 2 12 15 11 14 2 9 10 7 3 2 9 10 7 3 2 6 5 9 10 11 15
40
IDA*: time cost 0.7991061210632324s

15 14 4 2 12 15 14 9 3 5 11 13 5 14 2 12 15 11 14 2 9 8 10 4 8 10 7 3 2 9 10 7 3 2 6 5 9 10 11 15
40
A*: time cost0.8615543842315674s
15 14 4 2 12 15 14 8 10 4 8 9 3 5 11 13 5 14 2 12 15 11 14 2 9 10 7 3 2 9 10 7 3 2 6 5 9 10 11 15
40
IDA*: time cost 1.08768630027771s

15 14 4 15 14 9 3 5 11 13 5 14 12 2 15 12 2 11 14 2 9 8 10 4 8 10 7 3 2 9 10 7 3 2 6 5 9 10 11 15
40
A*: time cost 0.9284086227416992s
15 14 4 2 12 15 14 8 10 4 8 9 3 5 11 13 5 14 2 12 15 11 14 2 9 10 7 3 2 9 10 7 3 2 6 5 9 10 11 15
40
IDA*: time cost 1.6695356369018555s

15 14 4 2 12 15 14 9 3 5 11 13 5 14 2 12 15 11 14 2 9 8 10 4 8 10 7 3 2 9 10 7 3 2 6 5 9 10 11 15
40
A*: time cost0.351848840713501s
15 14 4 2 12 15 14 8 10 4 8 9 3 5 11 13 5 14 2 12 15 11 14 2 9 10 7 3 2 9 10 7 3 2 6 5 9 10 11 15
40
IDA*: time cost 0.3632345199584961s

15 14 4 2 12 15 14 8 10 4 8 9 3 5 11 13 5 14 2 12 15 11 14 2 9 10 7 3 2 9 10 7 3 2 6 5 9 10 11 15
Finding 1390 nodes
40
A*: time cost0.16642498970031738s
15 14 4 2 12 15 14 8 10 4 8 9 3 5 11 13 5 14 2 12 15 11 14 2 9 10 7 3 2 9 10 7 3 2 6 5 9 10 11 15
40
IDA*: time cost 0.6845748424530029s

15 14 4 2 12 15 14 8 10 4 8 9 3 5 11 13 5 14 2 12 15 11 14 2 9 10 7 3 2 9 10 7 3 2 6 5 9 10 11 15
40
IDA*: time cost 0.365039587020874s

