1 8 4 1 5 11 15 3 13 15 3 10 1 5 8 4 2 1 7 14 1 7 5 3 10 6 14 5 7 2 3 7 6 14 9 13 14 10 11 12
40
A*: time cost5.763964414596558s
1 8 4 1 5 11 15 3 13 15 3 10 1 5 8 4 2 1 5 3 10 5 7 14 1 2 3 7 14 6 5 14 6 5 9 13 14 10 11 12
40
IDA*: time cost 9.681714057922363s

1 8 4 1 5 11 15 3 13 15 3 10 1 5 8 4 2 1 5 3 10 5 7 14 1 2 3 7 14 6 5 14 6 5 9 13 14 10 11 12
40
A*: time cost2.4848856925964355s
1 8 4 1 5 11 15 3 13 15 3 10 1 5 8 4 2 1 7 14 1 7 5 3 10 6 14 5 7 2 3 7 6 14 9 13 14 10 11 12
40
IDA*: time cost 10.323707818984985s

1 8 4 1 5 11 15 3 13 15 3 10 1 5 8 4 2 1 5 3 10 5 7 14 1 2 3 7 14 6 5 14 6 5 9 13 14 10 11 12
40
A*: time cost3.103090763092041s
1 8 4 1 5 11 15 3 13 15 3 10 1 5 8 4 2 1 7 14 1 7 5 3 10 6 14 5 7 2 3 7 6 14 9 13 14 10 11 12
40
IDA*: time cost 17.03609538078308s

1 8 4 1 5 11 15 3 13 15 3 10 1 5 8 4 2 1 5 3 10 5 7 14 1 2 3 7 14 6 5 14 6 5 9 13 14 10 11 12
40
A*: time cost1.2965044975280762s
1 8 4 1 5 11 15 3 13 15 3 10 1 5 8 4 2 1 7 14 1 7 5 3 10 6 14 5 7 2 3 7 6 14 9 13 14 10 11 12
40
IDA*: time cost 5.73040509223938s

1 8 4 1 5 11 15 3 13 15 3 10 1 5 8 4 2 1 5 3 10 5 7 14 1 2 3 7 14 6 5 14 6 5 9 13 14 10 11 12
40
A*: time cost2.284562349319458s
1 8 4 1 5 11 15 3 13 15 3 10 1 5 8 4 2 1 5 3 10 5 7 14 1 2 3 7 14 6 5 14 6 5 9 13 14 10 11 12
40
A*: time cost2.3073723316192627s
1 8 4 1 5 11 15 3 13 15 3 10 1 5 8 4 2 1 5 3 10 5 7 14 1 2 3 7 14 6 5 14 6 5 9 13 14 10 11 12
40
A*: time cost3.75740385055542s
1 8 4 1 5 11 15 3 13 15 3 10 1 5 8 4 2 1 7 14 1 7 5 3 10 6 14 5 7 2 3 7 6 14 9 13 14 10 11 12
40
IDA*: time cost 8.46419644355774s

1 8 4 1 5 11 15 3 13 15 3 10 1 5 8 4 2 1 7 14 1 7 5 3 10 6 14 5 7 2 3 7 6 14 9 13 14 10 11 12
Finding 11829 nodes
40
A*: time cost1.389331340789795s
1 8 4 1 5 11 15 3 13 15 3 10 1 5 8 4 2 1 7 14 1 7 5 3 10 6 14 5 7 2 3 7 6 14 9 13 14 10 11 12
40
IDA*: time cost 8.177341938018799s

