15 3 14 6 12 7 10 2 4 8 13 5 11 13 5 14 3 11 14 3 6 4 8 1 2 8 3 6 9 12 4 10 8 3 6 9 10 8 7 4 8 7 3 2 1 5 9 10 11 15
50
A*: time cost257.0468544960022s
9 6 12 7 10 2 4 8 13 3 14 4 8 1 2 8 3 5 11 13 5 14 6 9 15 11 14 6 9 12 4 10 8 3 6 9 10 8 7 4 8 7 3 2 1 5 9 10 11 15
50
IDA*: time cost 597.9593591690063s

15 3 9 6 12 7 10 2 4 8 13 5 11 13 5 9 14 4 8 5 9 14 3 11 14 3 6 12 4 10 2 8 3 6 10 2 8 3 2 8 7 4 8 7 3 2 6 10 11 15
50
A*: time cost335.7140669822693s
15 3 14 6 12 7 10 2 4 8 13 5 11 13 5 14 3 11 14 3 6 4 8 1 2 8 3 6 9 12 4 10 8 3 6 9 10 8 7 4 8 7 3 2 1 5 9 10 11 15
50
IDA*: time cost 846.6032269001007s

15 3 9 6 12 7 10 2 4 8 13 5 11 13 5 9 14 4 8 5 9 14 3 11 14 3 6 12 4 10 2 8 3 6 10 2 8 3 2 8 7 4 8 7 3 2 6 10 11 15
50
A*: time cost140.53206276893616s
15 3 14 6 12 7 10 2 4 8 13 5 11 13 5 14 3 11 14 3 6 4 8 1 2 8 3 6 9 12 4 10 8 3 6 9 10 8 7 4 8 7 3 2 1 5 9 10 11 15
50
IDA*: time cost 225.7914469242096s

15 3 9 6 12 7 10 2 4 8 13 5 11 13 5 9 14 4 8 1 2 10 4 8 10 2 1 5 9 14 6 12 8 6 3 11 14 10 6 3 11 15 12 8 7 4 3 7 8 12
Finding 799732 nodes
50
A*: time cost78.19264936447144s
15 3 14 6 12 7 10 2 4 8 13 5 11 13 5 14 3 11 14 3 6 4 8 1 2 8 3 6 9 12 4 10 8 3 6 9 10 8 7 4 8 7 3 2 1 5 9 10 11 15
50
IDA*: time cost 243.28965044021606s

