11 14 9 1 12 4 1 8 2 13 15 12 8 2 3 11 14 9 6 1 2 3 11 7 13 11 7 14 10 13 14 10 9 5 1 2 3 7 11 15
40
A*: time cost 0.3788793087005615s
11 14 9 1 12 4 1 8 2 13 15 12 8 2 3 11 14 9 6 1 2 3 11 7 13 11 7 14 10 13 14 10 9 5 1 2 3 7 11 15
40
IDA*: time cost 0.601102352142334s

11 14 9 1 12 4 1 8 2 13 15 12 8 2 3 11 14 9 6 1 2 3 11 7 13 11 7 14 10 13 14 10 9 5 1 2 3 7 11 15
40
A*: time cost 0.15538358688354492s
11 14 9 1 12 4 1 8 2 13 15 12 8 2 3 11 14 9 6 1 2 3 11 7 13 11 7 14 10 13 14 10 9 5 1 2 3 7 11 15
40
IDA*: time cost 0.23511767387390137s

11 14 9 1 12 4 1 8 2 13 15 12 8 2 3 11 14 9 6 1 2 3 11 7 13 11 7 14 10 13 14 10 9 5 1 2 3 7 11 15
40
A*: time cost0.05400443077087402s
11 14 9 1 12 4 1 8 2 13 15 12 8 2 3 11 14 9 6 1 2 3 11 7 13 11 7 14 10 13 14 10 9 5 1 2 3 7 11 15
40
IDA*: time cost 0.06045246124267578s

11 14 9 1 12 4 1 8 2 13 15 12 8 2 3 11 14 9 6 1 2 3 11 7 13 11 7 14 10 13 14 10 9 5 1 2 3 7 11 15
Finding 557 nodes
40
A*: time cost0.06250381469726562s
11 14 9 1 12 4 1 8 2 13 15 12 8 2 3 11 14 9 6 1 2 3 11 7 13 11 7 14 10 13 14 10 9 5 1 2 3 7 11 15
40
IDA*: time cost 0.10638952255249023s

