6 11 4 14 5 8 9 5 8 3 2 6 14 8 15 7 10 4 8 15 3 2 6 14 15 10 7 3 2 6 14 15 10 7 3 2 6 10 11 12
Finding 3480 nodes
40
A*: time cost0.42535400390625s
6 11 4 14 5 8 9 5 8 3 2 6 14 8 15 7 10 4 8 15 3 2 6 14 15 10 7 3 2 6 14 15 10 7 3 2 6 10 11 12
40
IDA*: time cost 0.43366241455078125s

6 11 4 14 5 8 9 5 8 3 2 6 14 8 15 7 10 4 8 15 3 2 6 14 15 10 7 3 2 6 14 15 10 7 3 2 6 10 11 12
Finding 3670 nodes
40
A*: time cost0.4000072479248047s
6 11 4 14 5 8 9 5 8 3 2 6 14 8 15 7 10 4 8 15 3 2 6 14 15 10 7 3 2 6 14 15 10 7 3 2 6 10 11 12
Finding 3670 nodes
40
A*: time cost0.40749406814575195s
