9 12 13 5 1 9 7 11 2 4 12 13 9 7 11 2 15 3 2 15 4 11 15 8 14 1 5 9 13 15 7 14 10 6 1 5 9 13 14 10 6 2 3 4 8 7 11 12
48
A*: time cost249.5972819328308s
9 12 13 5 1 9 7 11 2 4 12 13 9 7 11 2 15 3 2 15 4 11 15 8 14 1 5 9 13 15 7 14 10 6 1 5 9 13 14 10 6 2 3 4 8 7 11 12
48
IDA*: time cost 2672.5074956417084s

9 12 13 5 1 9 7 11 2 4 12 13 9 7 11 2 15 3 2 15 4 11 15 8 14 1 5 9 13 15 7 14 10 6 1 5 9 13 14 10 6 2 3 4 8 7 11 12
48
A*: time cost236.8067126274109s
9 12 13 5 1 9 7 11 2 4 12 13 9 7 11 2 15 3 2 15 4 11 15 8 14 1 5 9 13 15 7 14 10 6 1 5 9 13 14 10 6 2 3 4 8 7 11 12
48
IDA*: time cost 449.0554926395416s

9 12 13 5 1 9 7 11 2 4 12 13 9 7 11 2 15 3 2 15 4 11 15 8 14 1 5 9 13 15 7 14 10 6 1 5 9 13 14 10 6 2 3 4 8 7 11 12
48
A*: time cost115.75445175170898s
9 12 13 5 1 9 7 11 2 4 12 13 9 7 11 2 15 3 2 15 4 11 15 8 14 1 5 9 13 15 7 14 10 6 1 5 9 13 14 10 6 2 3 4 8 7 11 12
Finding 2494136 nodes
48
A*: time cost255.44039845466614s
9 12 13 5 1 9 7 11 2 4 12 13 9 7 11 2 15 3 2 15 4 11 15 8 14 1 5 9 13 15 7 14 10 6 1 5 9 13 14 10 6 2 3 4 8 7 11 12
48
IDA*: time cost 465.87745571136475s

