6 10 9 4 14 9 4 1 10 4 1 3 2 14 9 1 3 2 13 12 14 13 5 11 8 6 4 3 2 5 12 7 11 12 7 14 13 9 5 10 6 8 12 7 10 6 7 11 15
49
A*: time cost138.47937607765198s
6 10 9 4 14 9 4 1 10 4 1 3 2 14 9 1 3 2 5 11 8 6 4 3 2 5 13 12 14 13 12 7 11 12 7 14 13 9 5 10 6 8 12 7 10 6 7 11 15
49
IDA*: time cost 1185.8749692440033s

6 10 9 4 14 9 4 1 10 4 1 3 2 14 9 1 3 2 13 12 14 13 5 11 8 6 4 3 2 5 12 7 11 12 7 14 13 9 5 10 6 8 12 7 10 6 7 11 15
49
A*: time cost121.2720148563385s
6 10 9 4 14 9 4 1 10 4 1 3 2 14 9 1 3 2 5 11 8 6 4 3 2 5 13 12 14 13 12 7 11 12 7 14 13 9 5 10 6 8 12 7 10 6 7 11 15
49
IDA*: time cost 267.7182414531708s

6 10 9 4 14 9 4 1 10 4 1 3 2 14 9 1 3 2 13 12 14 13 5 11 8 6 4 3 2 5 12 7 11 12 7 14 13 9 5 10 6 8 12 7 10 6 7 11 15
49
A*: time cost120.96186304092407s
6 10 9 4 14 9 4 1 10 4 1 3 2 14 9 1 3 2 5 11 8 6 4 3 2 5 13 12 14 13 12 7 11 12 7 14 13 9 5 10 6 8 12 7 10 6 7 11 15
49
IDA*: time cost 221.2333586215973s

6 10 9 4 14 9 4 1 10 4 1 3 2 14 9 1 3 2 13 12 14 13 5 11 8 6 4 3 2 5 12 7 11 12 7 14 13 9 5 10 6 8 12 7 10 6 7 11 15
49
A*: time cost129.64351677894592s
6 10 9 4 14 9 4 1 10 4 1 3 2 14 9 1 3 2 5 11 8 6 4 3 2 5 13 12 14 13 12 7 11 12 7 14 13 9 5 10 6 8 12 7 10 6 7 11 15
49
IDA*: time cost 234.57515716552734s

6 10 9 4 14 9 4 1 10 4 1 3 2 14 9 1 3 2 5 11 8 6 4 3 2 5 13 12 14 13 12 7 11 12 7 14 13 9 5 10 6 8 12 7 10 6 7 11 15
Finding 435953 nodes
49
A*: time cost43.0419979095459s
6 10 9 4 14 9 4 1 10 4 1 3 2 14 9 1 3 2 5 11 8 6 4 3 2 5 13 12 14 13 12 7 11 12 7 14 13 9 5 10 6 8 12 7 10 6 7 11 15
49
IDA*: time cost 245.15968203544617s

